sigma = [0 0.06 0.14 0.25 0.31 0.47 0.60 0.70];
epsilon = [0 0.08 0.14 0.20 0.23 0.25 0.28 0.29];