>> format long e
>> pi

ans =
     3.141592653589793e+00