>> format long
>> pi

ans =
   3.141592653589793