>> % Usando a = [x : y]
>> a = [1 : 4; 5 : 8; 9 : 12]

a =
     1     2     3     4
     5     6     7     8
     9    10    11    12

>> % Usando a = [x : y : z]
>> a = [1 : 2 : 7; 9 : 2 : 15; 17 : 2 : 23]
a =

     1     3     5     7
     9    11    13    15
    17    19    21    23

>> % Usando linspace
>> a = [linspace(1, 4, 4); linspace(5, 8, 4); linspace(9, 12, 4)]

a =
     1     2     3     4
     5     6     7     8
     9    10    11    12