>> a = [1 2 3 4]

a =
     1     2     3     4

>> a + 1

ans =
     2     3     4     5

>> a - 1

ans =
     0     1     2     3