>> b = [1 2 3 4; 5 6 7 8; 9 10 11 12]

b =
     1     2     3     4
     5     6     7     8
     9    10    11    12

>> b + 1

ans =
     2     3     4     5
     6     7     8     9
    10    11    12    13

>> b - 1

ans =
     0     1     2     3
     4     5     6     7
     8     9    10    11