>> a = [1 2 3 4]

a =
     1     2     3     4

>> b = [1 2 3 4; 5 6 7 8; 9 10 11 12]

b =
     1     2     3     4
     5     6     7     8
     9    10    11    12

>> a + b

ans =
     2     4     6     8
     6     8    10    12
    10    12    14    16

>> a - b

ans =
     0     0     0     0
    -4    -4    -4    -4
    -8    -8    -8    -8