>> b = [1 2 3 4; 5 6 7 8; 9 10 11 12]

b =
     1     2     3     4
     5     6     7     8
     9    10    11    12

>> c = [13 14 15 16; 17 18 19 20; 21 22 23 24]

c =
    13    14    15    16
    17    18    19    20
    21    22    23    24

>> b .* c

ans =
    13    28    45    64
    85   108   133   160
   189   220   253   288

>> d = [1 2 3 4]

d =
     1     2     3     4

>> b .* d

ans =
     1     4     9    16
     5    12    21    32
     9    20    33    48