>> b = [1 2 3; 4 5 6; 7 8 9]

b =
     1     2     3
     4     5     6
     7     8     9

>> b^2

ans =
    30    36    42
    66    81    96
   102   126   150