>> ones(1, 4)

ans =
     1     1     1     1

>> ones(4, 1)

ans =
     1
     1
     1
     1

>> ones(4, 4)

ans =
     1     1     1     1
     1     1     1     1
     1     1     1     1
     1     1     1     1