>> zeros(1, 4)

ans =
     0     0     0     0

>> zeros(4, 1)

ans =
     0
     0
     0
     0

>> zeros(4, 4)

ans =
     0     0     0     0
     0     0     0     0
     0     0     0     0
     0     0     0     0