>> a = [1 : 4]

a =
     1     2     3     4