>> eye(3)

ans =
     1     0     0
     0     1     0
     0     0     1

>> eye(2, 3)

ans =
     1     0     0
     0     1     0

>> eye(1, 4)

ans =
     1     0     0     0