>> % Vettore riga identico a: a = [1 : 4]
>> linspace(1, 4, 4)

ans =
     1     2     3     4

>> % Chiedendo piu' valori, MATLAB andra' ad utilizzare i decimali
>> linspace(1, 4, 6)
ans =

     1.000000000000000e+00     1.600000000000000e+00     
     2.200000000000000e+00     2.800000000000000e+00     
     3.400000000000000e+00     4.000000000000000e+00