v <- c(2, 3, 4, 5)
v[2]
# Output: [1] 3